cluster input Aterm.clus
cluster surface on
emission angle phi 0 360 181
emission angle theta 0 80 41
emission angle window 3
emission energy E(eV) 634.5031 634.5031 1
emitters 4 1 25 51 25 296 25 430 25
muffin-tin
orders 1 5
V0 E(eV) 10.
imfp imfp_input
wf manual on
wf manual 2 5   9.867155e-04 -2.759766e-04 -4.094603e-04 -1.094699e-03 1.038196e-03 -5.635308e-05 7.750766e-04 6.618575e-04 -6.560556e-04 9.527205e-05 7.192831e-04 4.742677e-04 8.440889e-04 4.011028e-04 -1.497131e-03 -4.930314e-04 5.446700e-04 2.497392e-04 6.220449e-04 7.353106e-04 -1.573048e-03 -3.625963e-04 6.690090e-04 5.312471e-04 4.063334e-04 3.348757e-04 -8.090262e-04 4.495432e-05 7.430018e-04 8.476664e-04 3.091397e-04 4.978989e-04 -5.658842e-04 -6.901490e-04 1.013761e-03 -2.151911e-04 1.346042e-04 1.076200e-03 1.371373e-04 -1.050982e-04 1.210705e-04 -5.300205e-05 2.842353e-05 2.887553e-04 -2.117216e-04 6.252040e-04 -1.180380e-04 -1.509310e-04 1.859853e-04 2.125828e-03 3.361654e-05 3.765621e-04 1.130485e-04 9.434144e-06 3.730678e-04 9.601362e-05 1.396220e-04 1.512145e-03 -8.031291e-05 3.966505e-04 -2.161696e-04 2.894825e-03 2.857253e-04 8.730127e-04 1.768726e-05 3.723810e-05 5.372064e-04 2.469728e-04 5.016965e-04 1.709352e-03 1.091434e-06 1.235067e-03 -3.509155e-05 2.072389e-03 4.095276e-04 1.779160e-03 4.002854e-04 4.875992e-05 5.863638e-04 6.044935e-05 2.890238e-04 1.728574e-03 -3.411955e-05 2.154149e-03 2.227774e-05 1.041785e-03 4.710722e-04 1.788236e-03 4.486903e-04 2.570097e-04 1.443559e-04 -7.168656e-05 1.445851e-04 8.753519e-04 -2.592395e-04 2.915967e-03 9.425282e-05 4.768058e-04 2.105354e-04 1.572979e-03 3.097143e-04 1.452131e-04 -1.184148e-04 -4.358520e-06 -1.195792e-05 3.694016e-04 1.670121e-04 2.215878e-03 1.072347e-04 1.490732e-04 -2.246249e-04 6.671169e-04 9.612472e-06 1.210749e-04 -1.355562e-04 5.551472e-05 -1.387706e-04 1.153549e-04 3.874203e-04 1.040616e-03 -3.276145e-05 2.230135e-05 -4.936963e-06 5.773703e-06 1.919082e-06 1.155664e-06 5.738757e-05 -2.097274e-05 1.791627e-05 2.061425e-05 -6.005295e-06 1.476994e-05 -3.491878e-05 1.869820e-05 -1.136995e-05 2.021683e-07 -5.133721e-06 -2.433441e-06 -1.365330e-05 4.795737e-06 5.009164e-05 1.567114e-05 2.086099e-05 6.597039e-06 -1.713490e-05 2.033318e-05 1.670708e-06 -1.815066e-05 -1.062981e-05 1.635780e-06 4.094798e-05 -1.255427e-05 -2.548288e-05 3.485302e-05 1.735505e-05 -4.786488e-05 -4.798276e-05 2.496480e-05 3.498775e-05 -3.716379e-05 1.926935e-06 1.653147e-05 7.494351e-05 9.381431e-06 2.117452e-05 3.079014e-05 2.110221e-05 -5.464532e-05 -7.948132e-06 -2.904420e-05 1.842222e-05 -4.150024e-05 2.220482e-05 1.804724e-05 6.635528e-08 3.590993e-05 3.164374e-05 -1.982212e-05 3.666518e-05 -7.576320e-05 7.345022e-05 -6.060056e-05 3.268585e-05 -1.988239e-05 3.775545e-05 3.581260e-05 -5.055736e-05 1.811059e-05 -1.106190e-06 -9.067399e-06 6.528945e-05 -6.826627e-05 6.714525e-05 -1.901826e-05 4.682530e-05 -2.177250e-05 2.507522e-05 3.561596e-05 -2.828386e-05 -5.410961e-06 -5.669431e-05 8.290959e-06 -2.132507e-05 -1.634344e-05 6.371209e-06 3.698558e-05 5.182070e-05 1.978858e-05 8.448716e-05 2.751314e-06 3.988734e-07 -1.422810e-05 -4.100714e-05 1.497801e-05 -7.992611e-05 4.357691e-05 -1.779554e-05 4.579745e-05 -1.950660e-05 3.332384e-05 5.529950e-05 -1.616955e-05 5.750641e-06 -4.533697e-06 -3.819633e-06 1.694760e-05 -3.664850e-06 3.339205e-05 -8.107891e-06 6.085724e-06 -4.664275e-05 -1.369815e-05 -8.936574e-05 6.937489e-06 3.452005e-06 1.966941e-06 1.030445e-05 3.243096e-06 3.509558e-05 -1.826027e-05 2.806384e-06 -1.474248e-05 -1.667455e-05 -2.489806e-05 -5.780440e-05 2.101014e-05 1.908387e-06 1.046169e-06 9.160544e-06 -2.580128e-06 3.351521e-05 -2.258225e-05
report emitters
scan pd o_0_0_209.ms
report size
end
