#  1 1 210
 0 651.800000
   0 1.000000
     0 -4.332728
     1 -4.336425
     2 -4.338341
     3 -4.338924
     4 -4.343403
     5 -4.344819
     6 -4.349867
     7 -4.350003
     8 -4.355400
     9 -4.356142
    10 -4.471600
    11 -4.471995
    12 -4.483427
    13 -4.483437
    14 -4.496930
    15 -4.497032
    16 -4.510120
    17 -4.511969
    18 -4.524617
    19 -4.524704
    20 -4.620988
    21 -4.621540
    22 -4.623996
    23 -4.626655
    24 -4.629944
    25 -6.630134
    26 -6.637882
    27 -6.638378
    28 -6.703457
    29 -6.703457
    30 -6.717080
    31 -6.717141
    32 -6.724052
    33 -6.727018
    34 -6.743989
    35 -6.743993
    36 -6.748230
    37 -6.748324
    38 -6.751028
    39 -6.751925
    40 -6.828277
    41 -6.828390
    42 -6.839586
    43 -6.840364
    44 -6.852438
    45 -6.852440
    46 -6.860886
    47 -6.861336
    48 -6.866274
    49 -6.871761
    50 -6.872163
    51 -6.878605
    52 -6.890164
    53 -6.890728
    54 -6.916678
    55 -6.916690
    56 -6.941983
    57 -6.941983
    58 -7.012990
    59 -7.042421
    60 -7.043492
    61 -7.044368
    62 -7.102689
    63 -7.106322
    64 -7.107098
    65 -7.118740
    66 -7.118742
    67 -7.167804
    68 -7.168666
    69 -7.172915
    70 -7.183244
    71 -7.183249
    72 -7.193986
    73 -7.194171
    74 -7.199647
    75 -7.205754
    76 -7.236623
    77 -7.238241
    78 -7.240311
    79 -7.295207
    80 -7.301430
    81 -7.302157
    82 -7.306021
    83 -7.314006
    84 -7.314008
    85 -7.346450
    86 -7.347443
    87 -7.350850
    88 -7.386014
    89 -7.387858
    90 -7.389608
    91 -7.416406
    92 -7.417325
    93 -7.420771
    94 -7.423099
    95 -7.423173
    96 -7.444352
    97 -7.444352
    98 -7.465621
    99 -7.466161
   100 -7.513576
   101 -7.519934
   102 -7.538977
   103 -7.539006
   104 -7.555055
   105 -7.555055
   106 -7.561247
   107 -7.582448
   108 -7.582638
   109 -7.590789
   110 -7.619533
   111 -7.625781
   112 -7.626145
   113 -7.635454
   114 -7.635456
   115 -7.803664
   116 -7.803664
   117 -7.915928
   118 -7.918329
   119 -7.918329
   120 -7.933324
   121 -7.973966
   122 -8.032433
   123 -8.032433
   124 -8.071667
   125 -8.071667
   126 -8.155352
   127 -8.167864
   128 -8.167864
   129 -8.170606
   130 -8.232362
   131 -8.294058
   132 -8.294058
   133 -8.303206
   134 -8.303398
   135 -8.305262
   136 -8.305577
   137 -8.307342
   138 -8.307453
   139 -8.376480
   140 -8.376480
   141 -8.381183
   142 -8.381593
   143 -8.389226
   144 -8.389238
   145 -8.399064
   146 -8.399064
   147 -8.436790
   148 -8.437992
   149 -8.441261
   150 -8.446670
   151 -8.466893
   152 -8.934985
   153 -9.059392
   154 -9.059392
   155 -9.243724
   156 -9.243724
   157 -9.334518
   158 -9.909300
   159 -9.909300
   160 -9.931034
   161 -9.934826
   162 -9.934826
   163 -9.971667
   164 -9.979419
   165 -10.849805
   166 -10.853807
   167 -10.854779
   168 -10.888334
   169 -10.888336
   170 -10.893970
   171 -10.894043
   172 -10.897566
   173 -10.897766
   174 -10.931283
   175 -10.931358
   176 -10.934245
   177 -10.934702
   178 -10.936715
   179 -10.939790
   180 -10.971757
   181 -10.972009
   182 -10.978281
   183 -10.980030
   184 -10.982563
   185 -10.983386
   186 -11.005381
   187 -11.005381
   188 -11.026096
   189 -11.026247
   190 -11.039260
   191 -11.073385
   192 -11.097193
   193 -11.097321
   194 -11.122315
   195 -11.664539
   196 -11.684230
   197 -11.727582
   198 -11.727582
   199 -11.802145
   200 -11.802145
   201 -11.898226
   202 -11.902690
   203 -11.902690
   204 -14.319990
   205 -14.331714
   206 -14.331714
   207 -14.443507
   208 -14.443507
   209 -17.296868
