-639 -1.e-6
-0.024 0.    0.   -0.056 0.    
 0.    0.064 0.    0.    0.056 
 0.    0.   -0.177 0.    0.    
-0.056 0.    0.    0.064 0.    
 0.    0.056 0.    0.   -0.024
 1.e-3 90.
651.8  651.8   2. 0.4 0
5
1 2 1 3 5
6.846  0.040 0 0 0
2.064  0.02161  0.09695
1
6 5 0 0 0
0 0 5.0568
0 3.6848 0 2.0936
0 0 5.0568
0 0 5.0568
0 3.6848 0 2.0936
0 0 9.4752 0 5.9256
1
6 4 0 0 0
0 0 5.0568
0 3.6848 0 2.0936
0 0 5.0568
0 0 5.0568
0 3.6848 0 2.0936
0 0 9.4752 0 5.9256
1
5 6  0 0 0
0 0 5.0568
0 3.6848 0 2.0936
0 0 5.0568
0 0 5.0568
0 3.6848 0 2.0936
0 0 8.9240 0 5.5528
0. -.19047  0. -.15644
0. 0.7079   0. 0.44937
0. 0.       0. 0.28778